887 28 281 186 706 465 228 681 596 256 893 790 107 603 766 15 791 808 160 397 513 433 387 876 556 982 235 39 198 420 928 128 779 939 935 235 836 67 958 971 72 564 658 940 701 748 749 401 258 788 434 675 943 429 264 132 86 538 513 735 752 948 48 757 577 73 419 896 802 21 483 615 240 316 780 8 237 27 176 839 459 493 48 260 617 164 200 368 140 564 436 520 686 69 317 538 301 590 586 574 
277 984 778 176 28 726 143 587 403 113 665 551 75 320 324 487 864 894 375 350 890 144 568 726 768 244 507 587 464 73 259 937 827 828 695 518 352 879 987 397 959 237 944 215 89 526 751 449 433 342 928 935 832 960 628 515 948 85 160 315 27 691 880 679 402 436 542 432 117 690 120 849 21 862 177 987 354 327 880 967 34 749 599 759 169 774 854 278 897 854 90 307 397 497 656 3 872 253 546 893 
182 781 18 312 567 879 857 777 344 89 448 644 679 119 528 987 41 781 147 804 909 281 853 179 583 918 983 342 781 599 739 266 242 428 588 686 937 766 490 850 771 137 761 567 14 676 879 148 567 481 601 18 1 740 976 309 361 747 251 945 238 130 676 651 878 223 14 678 550 281 717 51 704 165 979 341 559 805 18 292 12 137 680 541 358 581 635 643 18 50 127 844 820 77 684 220 296 599 547 349 
189 168 375 68 1000 747 114 574 986 14 840 23 66 575 675 863 943 26 121 9 569 554 552 208 969 115 285 96 432 708 891 711 886 654 488 214 556 494 982 887 815 175 67 423 61 607 476 317 358 816 268 342 186 310 176 27 408 723 696 820 445 969 308 364 494 608 998 846 345 979 321 519 646 77 97 373 253 405 246 423 446 872 899 111 441 392 179 174 104 375 738 123 238 977 264 293 674 866 55 59 
621 754 178 403 619 393 567 687 959 898 583 676 431 523 180 318 181 746 136 764 809 43 397 136 909 948 214 438 997 890 47 330 151 605 633 852 952 474 53 640 927 473 818 644 877 71 940 876 330 138 688 200 686 878 573 274 252 271 220 452 748 297 846 793 542 623 913 79 583 315 141 487 871 195 597 321 629 527 865 560 154 924 460 271 337 726 322 743 848 833 955 333 585 985 320 496 890 216 379 839 
436 988 907 49 69 913 320 305 573 972 956 865 662 871 59 458 730 97 503 191 192 978 634 649 741 343 282 415 544 552 413 663 742 511 424 891 68 17 240 350 827 109 256 618 480 970 986 239 925 788 980 996 929 146 338 684 606 489 118 102 426 122 376 809 642 206 702 753 527 301 917 318 135 540 915 19 445 301 193 296 297 824 426 463 806 555 455 64 773 398 832 631 237 182 115 776 186 574 377 598 
709 642 795 955 332 255 944 228 129 778 274 666 650 466 380 975 123 53 10 445 468 383 137 621 325 278 73 858 466 218 413 487 437 393 393 124 349 686 274 152 352 38 966 685 38 886 513 514 282 170 360 324 307 898 453 146 608 982 969 332 942 543 464 101 702 408 15 48 836 497 873 229 871 49 96 349 510 221 473 674 604 463 681 253 658 895 185 219 588 422 851 129 975 719 273 435 152 608 613 127 
969 740 310 948 500 782 960 437 679 908 493 369 422 836 504 725 663 284 425 187 776 972 333 713 822 114 424 503 612 299 804 584 286 86 646 165 136 425 778 327 797 33 200 439 750 912 973 117 418 927 749 738 161 519 109 342 123 305 484 275 213 813 237 984 576 965 749 356 490 657 764 766 78 550 344 320 304 952 976 51 297 50 599 882 319 627 192 286 532 890 521 200 175 389 708 944 553 980 69 757 
802 981 517 187 534 343 990 666 870 526 345 130 742 617 988 680 283 412 677 376 602 856 581 950 265 94 182 619 21 333 392 84 294 324 332 705 575 347 745 234 170 971 953 983 870 360 206 197 658 649 619 661 908 360 194 976 253 321 91 126 157 313 954 785 52 562 220 289 239 991 58 666 737 950 90 57 137 805 626 678 54 224 266 57 560 500 937 806 262 360 316 311 885 974 791 738 142 434 842 576 
370 634 500 281 938 156 10 217 336 10 91 580 460 480 748 270 343 25 18 930 29 227 513 238 442 129 515 278 397 221 773 899 319 698 459 502 239 48 987 612 46 174 681 103 489 642 11 234 386 539 871 665 989 373 292 603 570 857 582 738 194 824 484 251 417 73 169 398 558 657 108 780 561 218 385 82 285 749 329 579 801 909 345 513 380 996 320 914 40 628 88 315 414 407 195 115 209 551 273 570 
729 555 639 160 699 567 994 755 924 947 490 216 960 865 350 493 613 500 733 286 395 234 792 20 178 946 192 751 598 404 927 445 481 111 277 982 306 138 65 701 218 690 712 593 176 577 715 181 124 740 743 218 328 414 596 86 400 95 191 521 664 246 446 580 360 338 383 773 420 423 226 506 136 694 606 848 212 928 72 680 634 281 74 910 182 99 570 846 513 836 857 54 1 118 122 303 172 596 849 664 
46 483 624 661 882 218 227 974 256 61 805 973 224 926 558 562 648 736 234 695 579 597 279 52 204 484 523 800 719 279 796 392 648 107 573 680 106 772 649 309 205 942 388 410 675 481 748 873 372 806 127 57 138 608 676 695 893 157 250 54 570 680 995 566 714 505 698 20 673 930 334 85 169 749 337 818 521 167 562 52 46 392 59 193 126 771 177 56 966 205 417 445 147 67 132 839 404 120 28 913 
925 722 605 102 824 258 244 638 694 874 734 979 132 48 579 497 890 775 744 355 850 262 511 363 20 942 483 211 765 876 117 429 460 871 206 798 771 531 886 838 401 3 368 257 278 123 15 641 963 782 157 797 50 295 185 479 871 712 418 226 167 285 6 744 21 539 147 736 547 172 331 322 551 99 443 659 585 317 123 56 867 783 352 926 976 477 45 136 578 148 194 527 497 976 52 955 727 765 65 985 
568 945 782 661 458 732 530 438 414 667 999 661 620 712 514 927 128 400 244 436 593 553 576 899 393 341 54 981 967 545 160 570 369 698 271 405 246 256 482 686 25 150 919 554 741 435 971 729 992 527 922 53 124 251 206 992 308 402 732 761 137 507 827 61 807 340 274 477 571 316 474 909 801 741 503 723 41 89 425 389 475 296 286 855 424 350 722 352 628 433 434 914 883 199 165 580 567 890 949 756 
366 106 355 38 545 137 359 199 365 224 308 240 918 787 302 624 529 511 480 886 766 694 329 561 356 325 253 514 846 890 859 107 127 24 713 457 697 322 519 909 93 94 162 571 499 635 164 293 283 452 61 242 166 515 297 542 432 494 24 547 244 920 684 497 977 697 407 618 692 202 230 24 159 899 618 772 472 514 838 749 856 772 749 175 1 874 769 208 703 878 451 93 700 372 363 950 913 407 57 903 
706 335 183 513 666 867 692 684 696 844 319 829 64 922 346 849 473 250 665 498 734 649 786 108 208 972 313 420 135 690 283 93 132 324 475 963 264 65 463 684 957 518 975 796 870 867 951 221 796 635 990 210 952 425 768 294 126 218 143 446 538 333 162 824 982 178 470 63 351 838 746 501 22 509 284 441 592 775 736 755 260 323 586 575 303 64 394 811 445 163 517 46 621 771 692 939 609 497 778 557 
673 6 394 102 600 996 603 650 12 140 966 871 173 527 879 638 31 669 548 271 45 125 433 30 373 635 979 542 481 996 59 554 800 677 598 43 228 178 780 382 98 617 489 9 547 132 654 974 911 491 685 297 138 544 278 838 932 205 391 79 621 288 959 621 450 832 537 762 171 94 81 523 563 718 980 487 453 229 254 109 382 206 124 441 937 411 149 997 174 123 637 482 1 315 14 332 623 927 521 310 
937 961 930 608 652 548 956 740 130 34 922 384 786 647 978 875 589 867 933 505 601 482 373 114 813 396 37 654 17 511 843 913 639 842 356 190 555 1 796 424 610 83 517 724 438 126 363 910 35 340 684 725 946 517 316 228 843 157 785 725 35 162 548 659 20 254 88 223 557 383 652 128 233 739 322 716 632 180 182 521 417 729 435 224 565 392 500 671 60 808 962 394 662 922 471 963 952 319 274 580 
498 732 425 588 693 131 453 452 296 550 202 32 58 839 562 27 17 928 423 241 489 221 46 893 684 747 544 163 897 458 192 879 576 763 130 867 810 306 256 87 138 943 168 62 939 824 923 347 2 93 220 109 212 503 279 781 452 889 893 68 460 212 704 278 811 560 336 830 752 29 486 990 313 311 356 879 836 19 878 526 286 554 522 20 857 401 677 206 781 481 580 782 510 723 480 377 363 535 397 694 
866 78 219 587 176 191 700 945 447 868 830 579 925 64 709 582 974 929 708 936 153 325 203 969 364 136 255 61 677 126 321 186 29 719 966 202 357 615 978 929 202 379 701 922 900 711 736 997 787 217 691 802 211 652 473 367 566 555 538 675 763 230 679 198 935 446 287 339 202 980 740 495 753 725 981 183 951 719 477 130 893 723 772 483 415 443 962 419 901 337 332 35 390 341 346 216 881 323 10 513 
644 733 458 727 111 715 609 959 735 229 818 563 460 468 621 612 568 722 829 159 508 567 91 997 120 74 593 402 134 138 458 400 81 688 428 40 961 320 789 173 271 352 217 622 766 233 964 958 72 245 22 258 55 833 236 340 581 94 555 410 806 914 712 861 13 196 136 630 794 457 852 846 691 717 459 870 780 908 426 635 36 548 727 788 634 178 558 696 694 731 878 925 239 944 461 904 42 346 755 367 
443 722 858 722 711 313 609 740 775 877 787 640 147 23 609 959 811 244 806 838 103 983 952 586 181 835 596 571 541 707 97 41 202 745 915 299 471 135 406 665 590 153 188 404 980 168 276 992 809 289 685 807 499 244 294 634 5 85 967 98 699 478 888 574 443 125 377 124 281 968 93 355 508 635 723 365 646 967 729 318 699 365 805 683 699 330 488 182 639 416 762 43 656 680 380 909 796 433 982 345 
14 541 679 16 585 977 968 490 589 863 652 147 491 867 593 785 240 959 507 85 152 825 40 503 493 362 136 850 396 576 802 82 307 171 806 409 901 730 610 911 995 255 581 763 627 274 600 885 933 1000 532 987 715 501 987 827 289 168 281 568 39 584 997 421 961 309 524 657 540 725 243 957 815 354 42 219 870 291 325 327 424 686 585 479 318 697 165 942 194 136 946 136 70 729 275 770 384 809 168 445 
879 344 389 249 565 937 313 46 477 495 460 464 133 497 914 236 960 844 182 146 195 908 66 680 648 345 428 91 271 303 530 934 509 425 532 591 863 360 747 157 340 254 357 249 920 301 859 342 794 666 768 213 45 539 847 973 881 444 776 582 433 547 231 531 453 338 188 11 380 150 372 203 447 691 583 802 464 131 55 553 902 602 524 681 512 767 403 403 486 857 877 120 355 42 404 272 573 147 437 78 
182 952 516 91 488 451 808 863 389 314 607 246 785 181 845 176 123 771 433 216 603 123 254 687 526 586 975 19 126 794 306 272 625 757 121 659 425 604 265 932 941 884 517 579 672 739 929 85 374 161 710 229 958 194 489 253 208 565 692 656 290 197 223 995 787 763 824 1 88 595 393 466 65 29 412 720 362 924 120 95 720 635 865 662 347 183 5 620 82 297 882 789 400 667 766 158 586 815 66 700 
339 732 513 108 157 135 30 184 218 617 346 363 822 779 527 1 227 203 464 665 220 112 470 348 933 204 917 207 104 786 570 207 613 752 362 7 545 326 216 870 985 671 256 545 802 969 715 318 652 717 352 94 351 19 123 449 373 968 19 498 356 253 155 992 92 235 138 590 745 212 952 591 133 55 94 404 153 280 762 824 335 657 458 470 443 336 780 244 530 38 853 871 565 45 758 849 344 407 377 420 
898 227 773 423 491 185 843 885 785 416 837 428 506 185 954 320 929 813 836 514 912 909 959 612 485 510 766 362 965 138 712 15 228 286 876 431 928 367 490 685 255 280 602 675 920 56 681 94 999 48 245 180 894 906 890 982 93 472 585 66 717 585 86 827 853 980 774 868 915 933 188 190 852 43 741 444 334 810 350 883 912 687 102 676 868 593 923 90 128 960 403 877 110 660 500 610 656 502 2 311 
31 62 938 559 686 284 70 469 339 174 187 340 319 608 927 117 493 384 870 88 316 701 991 975 616 257 234 494 462 57 341 26 849 751 985 878 113 707 214 474 947 945 435 548 701 345 843 470 929 785 917 382 8 393 670 663 657 171 839 535 905 68 608 750 704 240 624 165 208 422 44 983 431 361 973 986 476 395 850 9 860 75 375 350 512 935 842 255 291 348 571 277 163 243 461 694 64 938 260 70 
890 708 850 759 640 316 193 441 778 352 461 687 619 575 162 257 405 321 64 878 747 522 871 402 535 26 429 577 995 865 678 887 402 882 32 139 826 592 173 740 419 917 550 16 50 75 897 682 842 343 971 748 681 775 564 566 789 178 198 469 614 460 552 447 708 898 890 191 543 269 887 711 724 445 140 567 888 627 166 660 256 762 434 398 409 80 660 964 345 553 423 799 79 820 589 546 139 423 19 744 
967 706 148 56 864 364 29 909 172 115 516 520 182 954 908 631 994 417 44 47 477 432 566 885 76 734 184 77 934 876 244 298 770 423 302 396 148 265 954 102 912 288 334 754 6 772 878 665 900 521 802 835 178 629 330 68 68 748 379 720 295 98 343 659 564 111 145 464 22 224 721 287 63 850 118 549 555 102 601 883 396 552 713 431 987 920 813 864 550 48 491 896 772 247 97 863 905 614 283 166 
839 439 733 110 750 575 978 33 264 627 607 701 398 82 128 493 304 505 612 828 645 167 370 410 396 821 288 761 805 523 517 385 719 722 35 919 527 267 654 565 588 64 806 563 615 734 728 569 955 383 963 348 968 648 171 334 876 527 167 655 710 494 426 172 48 404 698 964 842 182 11 695 53 452 149 525 765 810 547 384 678 797 287 397 734 119 748 62 901 127 858 681 252 58 811 777 284 601 102 224 
849 420 569 939 908 238 71 887 232 554 106 934 154 924 103 656 906 856 7 141 805 678 719 387 620 154 201 532 652 604 515 333 903 915 119 806 681 333 687 850 660 197 583 473 51 870 66 488 813 323 807 820 792 700 999 961 187 943 947 689 751 920 873 876 774 450 129 65 182 795 170 509 960 673 317 810 516 520 919 519 762 898 714 721 284 173 242 930 799 938 487 409 588 656 491 624 205 490 225 216 
899 857 579 697 884 872 632 342 917 730 769 367 926 73 352 775 568 188 57 442 659 285 277 127 686 694 461 755 792 479 991 208 460 653 654 145 143 979 158 919 204 9 631 458 185 258 135 118 881 50 76 394 602 607 135 521 3 12 368 649 106 991 301 353 717 677 392 156 833 835 429 904 342 834 301 159 594 928 141 854 153 719 729 169 59 341 487 989 651 587 329 411 582 623 208 714 237 95 856 279 
39 292 324 24 439 153 661 603 109 20 782 121 82 750 793 739 13 857 27 883 292 287 996 302 115 391 368 635 383 868 393 959 13 96 236 795 593 60 294 319 355 310 660 19 888 326 736 264 853 786 497 665 914 339 112 626 422 390 438 35 440 207 300 964 133 35 111 877 941 897 453 794 25 944 593 29 405 637 821 111 644 859 254 560 429 187 96 393 598 992 189 687 829 703 86 382 946 967 436 155 
124 988 63 417 322 930 540 918 978 564 38 641 398 69 495 1000 459 874 641 651 916 649 235 771 61 353 889 347 835 833 991 6 611 352 101 711 674 334 276 273 666 369 42 81 361 504 338 460 356 617 477 457 121 200 151 808 431 519 1 975 789 555 547 71 459 513 477 111 179 831 672 671 762 200 3 664 764 639 244 743 141 620 743 28 965 895 664 12 691 553 190 906 193 330 932 835 381 988 968 474 
812 341 237 646 2 112 676 950 399 260 594 715 695 431 338 647 28 682 541 293 559 408 555 160 597 863 541 95 445 979 730 837 329 260 408 97 1000 228 17 81 242 446 280 334 228 227 215 670 714 569 207 915 975 289 400 622 592 476 421 691 780 52 828 625 799 164 527 656 170 264 569 145 633 458 311 822 430 78 766 916 68 204 245 293 542 842 57 966 57 599 455 740 387 407 293 204 39 224 917 566 
768 198 187 692 133 603 112 415 624 332 963 343 952 867 544 353 56 3 822 564 32 594 595 350 845 394 719 277 723 847 585 794 125 328 814 114 453 780 286 268 826 975 651 264 979 827 977 543 998 18 723 470 643 774 431 27 543 912 158 913 481 201 245 282 504 378 58 421 32 76 944 510 340 544 97 323 811 729 958 122 509 836 508 180 285 292 176 849 759 459 807 56 185 282 617 842 827 237 35 874 
495 546 347 291 190 359 183 798 544 765 79 162 314 20 619 69 112 351 424 924 526 690 902 584 732 381 144 91 662 631 952 72 244 144 278 616 180 527 19 525 270 360 937 342 60 331 342 224 905 977 215 538 412 744 740 253 276 691 132 18 868 741 944 23 710 576 315 855 441 358 142 637 778 870 759 301 762 872 553 794 286 829 73 130 170 878 943 29 116 777 744 141 910 295 701 360 743 519 581 351 
935 412 974 958 646 225 114 152 902 112 718 948 246 278 359 874 101 678 758 754 601 111 427 937 264 229 667 13 183 196 713 838 531 918 390 441 131 1000 517 434 749 359 417 266 944 938 329 318 533 404 275 456 328 9 258 478 90 138 206 101 743 144 194 356 356 597 52 393 708 511 438 950 860 54 136 446 774 974 348 922 880 781 220 995 755 374 111 740 675 104 995 219 138 155 415 594 295 712 97 334 
566 110 278 914 961 840 741 668 562 678 393 716 386 628 511 450 883 742 874 11 509 578 312 116 492 492 945 907 150 152 263 768 30 118 505 440 394 894 695 686 961 929 985 583 690 163 571 179 325 602 607 375 552 163 665 44 799 1000 800 416 632 138 767 732 998 267 710 983 813 773 991 227 523 392 217 571 911 939 579 133 970 216 75 179 736 365 217 559 474 356 339 738 448 125 329 89 732 464 202 865 
96 234 870 666 905 1000 728 587 536 10 328 908 272 206 666 617 954 83 953 464 117 751 810 778 596 280 232 337 70 647 804 538 75 107 626 398 710 605 128 829 754 117 114 636 203 844 392 896 664 116 34 819 662 918 948 932 116 293 136 611 16 960 46 849 34 243 211 735 911 804 830 632 121 506 660 200 22 972 469 27 452 657 416 966 923 911 137 203 689 127 510 888 839 94 806 120 804 770 438 475 
711 725 199 877 16 241 309 58 763 179 214 866 838 655 446 696 124 406 326 128 572 461 545 200 783 597 236 433 175 103 572 617 549 475 11 130 539 361 602 888 17 377 603 731 122 425 355 200 158 890 896 590 217 524 56 737 374 632 150 525 391 232 384 38 316 999 226 647 733 940 425 355 701 471 171 121 392 142 634 182 817 243 682 756 539 999 876 165 912 515 266 785 175 794 322 240 244 402 267 804 
851 415 427 950 201 35 20 62 540 231 837 644 964 690 174 861 855 282 378 166 222 165 70 24 231 218 818 161 433 137 386 456 684 995 934 711 925 433 219 655 662 121 410 319 837 556 452 942 383 323 632 593 567 682 576 165 226 99 411 522 319 293 939 744 505 796 892 69 73 745 865 484 553 731 915 252 854 45 760 664 707 70 746 168 691 961 959 389 883 144 247 679 562 590 620 449 916 557 41 45 
526 723 141 858 673 493 521 334 417 448 582 342 597 709 958 737 133 883 724 439 486 554 408 84 221 608 746 304 777 174 597 997 152 544 469 387 228 979 360 763 826 110 439 67 589 875 548 874 220 415 393 850 659 695 294 456 20 994 418 626 812 128 175 691 61 571 377 318 832 706 366 11 791 736 33 357 504 299 672 704 670 376 344 675 355 232 562 232 173 154 623 421 675 59 905 977 425 819 703 920 
453 267 10 845 522 691 516 939 240 475 850 247 657 742 845 462 472 603 17 391 662 966 238 903 969 638 434 932 412 197 148 997 197 926 523 250 254 453 83 549 770 682 36 534 160 120 427 684 95 387 485 626 490 242 214 837 420 178 550 697 642 553 266 491 486 604 488 235 490 853 211 17 149 636 370 977 631 858 428 615 934 357 295 7 295 904 650 771 330 441 602 239 847 294 732 333 587 226 339 1 
824 286 27 757 120 750 146 58 539 39 766 818 503 959 769 529 292 149 360 243 181 783 803 736 431 780 709 685 121 479 170 544 416 682 869 322 332 989 66 928 335 726 552 260 535 470 42 829 767 557 472 835 376 536 497 955 892 179 542 818 67 291 576 183 74 75 998 383 659 829 32 165 25 192 460 439 14 796 832 113 16 167 612 255 739 509 382 302 771 667 598 525 588 275 55 899 351 23 982 116 
3 337 660 133 733 560 848 570 960 500 254 9 41 400 60 823 880 245 530 723 597 753 119 535 589 882 777 796 289 5 771 831 929 253 561 825 870 859 465 814 142 667 410 73 490 476 148 179 692 803 360 675 466 754 43 565 680 345 580 34 826 499 766 889 539 273 623 648 626 144 294 498 755 223 961 85 890 258 557 391 135 531 946 74 591 221 327 252 576 686 452 643 675 243 220 616 742 971 165 159 
615 970 606 494 377 538 683 876 864 319 163 622 146 689 236 942 442 509 11 715 164 934 597 458 714 670 174 485 794 922 927 985 311 201 390 792 386 966 253 822 398 22 203 697 104 641 126 277 309 443 119 608 203 830 571 320 378 476 635 327 763 47 329 893 358 978 852 855 588 882 89 104 436 648 252 552 690 792 781 567 658 844 86 401 329 847 720 361 155 238 900 607 119 614 131 316 148 453 572 65 
620 308 969 743 586 741 487 245 771 585 856 995 811 601 532 182 274 485 236 629 421 205 255 363 797 317 928 974 372 657 904 406 762 245 742 898 281 925 585 780 601 946 839 591 759 257 758 57 910 730 848 403 879 109 29 305 687 546 512 538 172 407 594 33 384 283 557 758 837 688 480 69 888 580 949 812 122 719 827 369 16 758 972 572 362 43 213 710 306 25 176 713 676 165 233 165 576 916 229 633 
677 956 336 5 692 948 979 17 449 330 56 993 289 259 615 635 262 971 472 388 377 864 648 160 716 501 353 783 900 10 929 761 816 615 171 488 768 618 10 213 991 617 661 398 559 789 616 288 450 532 682 810 953 844 525 697 94 770 24 349 969 600 888 278 33 390 525 249 536 760 432 500 451 702 816 620 10 85 420 130 483 920 868 296 540 53 788 478 523 962 137 864 851 871 760 676 861 512 882 519 
497 106 902 695 848 571 628 422 978 776 225 970 7 271 35 578 382 273 990 857 599 734 638 695 416 7 580 778 451 98 662 128 351 425 514 876 256 42 552 488 612 658 423 681 83 672 896 183 980 89 240 676 461 410 790 729 329 643 897 647 794 608 319 888 132 847 688 799 870 440 832 797 985 121 784 390 422 599 736 274 445 39 253 166 78 718 187 717 825 872 309 514 621 452 658 734 179 13 246 287 
58 485 458 960 584 937 562 927 953 584 260 642 916 810 520 660 493 437 291 717 772 98 160 23 151 910 764 236 693 87 214 217 754 842 545 744 925 286 449 680 343 113 778 935 910 790 554 311 615 290 74 790 854 958 611 678 205 900 287 882 210 494 561 240 963 733 382 6 477 539 27 811 290 611 884 502 787 528 85 268 863 561 648 903 541 11 198 461 487 130 200 579 912 802 645 38 356 937 341 871 
159 804 794 500 760 434 824 750 184 585 600 907 188 329 389 106 461 412 701 761 17 391 45 54 579 136 34 251 408 819 221 520 821 975 501 197 217 177 967 455 121 658 282 180 714 422 511 339 158 499 354 71 424 282 233 414 174 423 290 182 520 377 419 700 725 992 324 221 164 2 252 242 714 867 553 661 112 296 864 314 792 230 915 299 768 56 821 36 980 896 329 573 271 973 431 57 329 728 315 159 
79 57 779 212 111 454 493 872 529 568 750 784 307 224 715 484 189 654 933 362 742 316 464 491 26 5 566 440 329 175 800 668 430 581 346 598 339 262 599 682 785 484 901 221 402 695 585 566 742 872 36 919 903 141 645 567 533 284 250 781 604 102 319 132 97 495 80 588 104 270 423 836 550 426 837 538 961 790 808 921 391 619 226 715 215 871 278 920 300 15 523 826 170 321 735 358 245 502 898 487 
721 165 229 483 149 386 8 587 712 414 511 797 817 963 345 607 784 201 802 949 595 838 104 723 416 701 414 113 537 149 785 197 350 81 395 797 890 393 960 826 863 181 271 145 383 321 659 810 132 979 504 161 613 563 881 704 89 434 909 380 747 113 761 909 281 353 194 75 624 148 736 339 330 705 394 603 104 434 400 664 754 436 563 302 168 379 960 102 562 37 231 816 870 802 349 321 876 786 35 402 
893 281 732 578 380 604 216 905 647 827 369 250 243 475 273 898 260 997 754 29 550 653 702 768 314 742 329 266 146 975 630 337 77 958 373 740 175 458 159 760 237 298 418 905 127 838 503 955 761 173 277 171 798 364 211 702 434 313 405 435 543 283 643 803 892 251 948 161 591 86 588 97 765 650 670 661 491 55 102 493 785 421 567 339 612 138 84 217 52 139 485 715 7 568 62 394 679 998 915 260 
698 934 52 391 320 909 204 700 634 449 505 200 536 464 946 892 213 96 997 537 612 869 825 673 798 838 211 603 245 258 648 426 23 77 658 116 81 990 135 257 177 588 21 195 73 56 328 115 727 973 128 393 287 352 877 982 351 70 297 146 629 179 280 545 900 521 672 646 147 495 152 192 279 320 71 200 711 270 432 15 686 811 228 368 596 737 584 232 792 210 611 259 598 473 456 343 194 478 650 237 
343 681 238 325 460 255 580 906 980 596 470 679 364 618 727 513 929 246 958 174 556 188 622 823 122 895 159 612 132 594 350 970 184 803 453 400 793 756 879 818 635 231 979 337 270 160 229 507 672 146 912 351 427 979 746 913 554 19 493 288 781 947 318 352 468 399 6 191 498 934 990 801 335 60 288 731 800 45 696 240 633 949 731 50 924 819 308 15 373 639 350 644 750 739 219 281 695 154 561 592 
538 872 760 957 162 562 838 292 399 30 280 965 560 630 551 987 594 382 438 154 198 360 546 788 837 907 739 585 912 676 262 907 793 524 335 580 906 785 987 876 653 27 646 662 272 186 27 911 485 472 28 640 378 437 648 757 304 129 831 838 286 606 127 752 348 783 998 176 312 918 640 216 263 915 445 550 997 250 868 378 432 198 553 534 529 279 748 351 609 913 929 793 128 992 445 557 320 791 477 162 
897 675 321 374 260 453 919 622 754 462 210 247 795 86 635 522 586 184 189 265 675 746 850 254 318 481 775 589 252 245 372 235 605 604 37 89 978 945 92 317 301 48 154 484 900 288 466 400 439 730 467 430 270 3 87 700 141 891 910 472 734 423 122 943 414 572 715 772 564 543 274 585 603 521 32 422 660 734 280 588 346 674 592 629 660 556 311 326 643 502 954 311 421 690 126 773 40 950 861 822 
103 746 527 710 933 161 781 492 522 251 582 845 632 87 618 579 657 913 213 136 629 408 136 536 565 731 440 331 944 92 453 261 554 942 610 71 821 503 435 9 704 473 694 550 122 746 972 552 264 922 719 174 984 783 432 537 326 947 793 285 547 502 7 122 170 648 626 203 555 708 633 511 335 940 914 930 794 740 248 766 264 741 403 455 87 910 605 945 868 483 101 552 656 962 114 908 846 162 932 887 
292 134 593 770 328 26 525 144 440 996 421 31 607 732 599 59 662 986 749 924 759 930 110 151 788 813 769 968 209 709 11 366 639 88 317 916 95 448 132 126 338 806 588 721 215 864 164 964 575 478 753 259 83 222 114 124 958 842 420 913 576 294 279 186 150 362 365 940 312 366 45 532 416 459 324 483 637 519 539 93 3 34 75 202 795 91 250 601 899 271 262 282 744 882 664 33 943 619 806 621 
247 477 431 783 790 250 988 759 85 391 577 60 550 680 327 639 662 913 251 542 493 495 598 796 117 639 392 430 379 270 168 649 694 201 760 165 547 136 431 612 564 963 678 427 336 433 69 724 801 753 575 313 869 353 816 967 180 203 53 446 710 762 649 233 194 758 479 676 816 668 427 36 15 634 803 322 765 97 205 44 966 242 930 278 404 897 486 285 42 768 516 337 846 908 881 98 544 365 416 965 
23 989 642 888 298 46 476 231 524 37 279 737 141 451 232 200 675 299 717 781 22 865 83 473 689 180 190 68 589 890 369 182 442 965 506 373 936 619 622 202 161 21 647 792 221 133 469 449 96 763 883 144 330 422 438 859 48 885 396 605 864 376 563 97 807 942 501 815 181 850 920 846 96 277 473 840 42 909 95 171 738 162 153 656 748 510 176 659 299 586 712 878 379 690 518 218 279 634 935 104 
797 998 193 378 922 597 904 896 23 862 389 76 387 926 112 870 366 171 591 5 551 364 93 192 676 255 49 700 639 229 412 293 102 575 61 469 809 928 301 230 161 950 536 195 495 469 813 89 842 925 304 436 857 465 662 960 584 356 178 884 943 461 482 10 229 306 522 405 702 772 374 386 942 102 153 371 328 815 289 190 645 702 296 223 5 702 193 640 343 844 86 598 859 316 113 178 561 494 931 813 
602 488 303 296 114 180 104 942 289 688 448 993 92 936 787 190 283 282 801 37 7 200 720 408 966 265 12 171 285 285 485 152 235 109 961 7 324 828 145 503 803 2 365 93 32 615 757 271 330 468 274 864 147 154 300 725 860 61 105 327 170 470 259 259 231 730 344 710 730 348 473 721 561 680 221 896 289 747 193 865 731 443 614 417 186 207 853 690 378 28 511 741 426 484 527 156 280 254 176 502 
585 548 929 530 414 76 883 345 669 914 192 878 695 252 996 226 95 766 307 448 771 188 32 965 265 868 723 289 129 461 385 175 124 188 964 677 187 258 755 163 114 189 497 924 990 217 101 234 307 225 381 243 171 757 745 282 451 892 794 113 157 788 358 920 44 797 521 467 203 469 891 574 825 566 971 864 493 341 134 816 221 766 394 858 526 597 628 552 888 94 166 314 135 938 396 139 26 292 427 359 
771 59 11 995 70 682 515 662 524 879 744 734 521 300 934 138 142 287 855 473 463 333 636 999 39 561 364 349 807 228 7 792 435 660 500 331 94 817 945 289 987 542 181 257 132 1 736 501 770 711 948 859 403 973 896 182 24 934 963 353 875 705 447 607 143 592 956 252 197 656 249 69 954 191 475 559 339 839 650 937 928 542 904 155 331 346 695 785 262 644 667 145 254 863 31 367 352 829 900 929 
607 23 298 49 951 369 627 908 724 167 220 473 628 295 496 738 852 35 356 643 235 700 830 898 628 190 721 400 847 215 884 630 89 564 984 249 16 506 131 858 281 561 500 702 563 332 642 231 222 681 219 861 334 895 691 468 279 507 56 194 464 281 565 105 704 521 360 760 901 303 454 444 337 299 855 684 431 162 12 688 251 502 95 231 393 359 724 266 16 54 986 70 65 713 155 101 379 511 721 406 
951 393 11 817 381 949 20 527 817 76 308 705 792 491 472 477 52 224 51 146 656 22 13 332 459 162 514 424 323 484 206 544 455 872 979 336 591 796 639 110 351 359 382 557 167 524 813 676 180 336 328 8 320 801 821 853 681 949 806 650 420 774 959 398 452 26 145 286 639 140 611 398 934 31 831 159 26 617 954 146 167 410 756 110 345 167 739 587 635 721 378 8 221 616 626 652 239 308 875 612 
183 841 415 777 314 479 41 281 562 77 368 220 223 860 496 175 194 101 448 916 323 382 543 317 130 409 703 303 445 391 204 842 687 910 738 307 902 810 922 821 156 309 574 263 711 144 745 111 283 384 504 937 774 8 314 165 282 288 364 813 9 382 575 499 459 780 729 374 594 700 88 272 88 589 598 351 373 906 362 396 169 623 38 904 212 583 410 518 68 39 385 864 108 861 590 86 640 435 301 401 
565 198 16 762 579 26 821 74 195 368 261 1000 729 635 169 971 4 718 950 163 316 288 899 291 148 148 553 747 205 112 190 986 205 454 842 190 853 65 369 978 600 339 940 745 669 791 825 687 338 797 347 964 689 615 476 561 935 181 644 13 33 818 3 845 199 755 383 266 777 57 448 756 934 605 713 418 986 885 87 20 263 551 917 205 484 825 207 622 640 55 994 517 272 317 934 471 68 868 644 836 
457 763 719 480 485 810 492 623 794 869 968 571 831 892 561 312 477 710 729 651 947 993 512 509 427 632 597 771 431 317 428 912 233 909 561 12 149 96 94 15 904 187 73 105 252 594 423 157 397 476 446 150 618 814 242 351 203 485 816 471 221 600 262 707 786 242 214 728 317 299 866 496 524 495 561 398 409 335 603 37 230 693 152 290 907 142 93 624 200 563 736 14 254 337 899 232 922 608 780 358 
183 275 794 731 726 517 496 786 187 324 597 300 730 933 338 851 213 490 594 79 87 139 654 583 622 310 431 189 992 959 336 536 371 469 46 987 33 991 976 565 364 475 123 926 319 537 580 842 100 484 22 883 305 466 117 83 359 236 480 947 958 660 33 358 129 128 712 261 20 603 222 586 311 508 481 373 535 666 261 476 801 722 418 701 413 407 878 714 825 800 640 93 86 984 293 7 169 958 57 203 
377 991 745 913 838 935 754 949 381 865 834 49 134 120 324 757 805 550 77 713 943 19 614 38 377 35 936 874 681 766 629 4 211 770 179 568 155 443 901 647 737 674 164 256 388 871 606 38 597 877 720 951 409 30 174 513 95 696 846 560 104 166 838 654 211 492 454 545 761 830 118 41 759 502 756 455 308 58 115 424 892 807 494 144 190 843 245 832 82 619 88 871 305 148 746 907 316 336 38 295 
202 831 521 563 331 733 31 499 546 757 759 601 613 177 49 755 131 367 26 931 286 969 406 961 271 18 364 118 819 453 66 508 27 91 952 273 701 437 49 794 923 261 897 300 28 750 185 141 78 641 988 1 93 166 177 712 114 385 586 577 235 929 112 264 974 955 490 515 754 207 666 764 708 335 44 909 179 860 716 542 316 657 134 521 301 53 211 914 371 399 430 607 999 471 351 737 650 8 842 211 
816 307 352 263 123 274 737 761 505 569 328 176 45 457 397 414 121 576 43 717 951 790 770 989 225 419 795 164 354 81 999 696 302 169 819 978 77 949 868 203 923 811 959 331 987 218 452 914 860 223 235 646 706 290 366 211 192 157 117 660 554 467 274 526 193 445 782 400 400 289 628 48 408 722 695 213 300 144 14 790 763 481 763 623 473 523 348 421 134 212 325 10 219 73 226 72 895 510 706 422 
860 370 231 946 623 697 519 373 93 792 463 803 603 391 714 783 930 790 682 303 996 515 699 674 734 249 758 839 521 193 331 423 617 526 371 817 649 101 159 72 101 659 341 54 995 107 655 605 397 430 273 323 138 765 542 229 841 650 21 626 700 634 488 247 515 889 85 934 300 844 641 722 621 486 690 213 662 697 667 60 597 327 730 952 314 692 88 870 491 23 975 828 948 445 530 602 922 782 843 736 
58 764 95 321 687 454 466 68 973 528 978 441 487 199 228 630 321 589 914 737 866 70 756 215 274 103 358 482 718 804 209 171 878 287 650 628 506 343 444 784 374 987 799 498 293 329 796 631 169 347 409 525 779 512 506 818 429 523 677 127 597 130 933 27 888 166 893 733 618 224 717 216 714 15 219 400 285 591 436 235 721 760 462 739 963 291 844 510 495 509 522 575 480 752 973 272 884 804 30 884 
638 557 44 43 431 726 172 554 45 451 583 523 521 661 206 663 377 438 720 257 917 553 680 917 408 826 585 403 377 562 708 704 557 84 624 156 265 847 828 595 569 495 773 958 648 594 381 167 276 965 464 323 670 65 917 841 707 745 978 128 255 31 571 30 69 958 331 81 931 91 119 293 323 993 71 118 686 538 208 763 714 943 53 775 349 179 715 341 789 577 522 606 179 678 107 680 973 774 634 129 
774 77 647 383 420 917 126 893 281 800 40 140 609 556 378 242 566 553 544 461 164 797 578 757 607 524 76 5 389 670 823 860 321 277 41 289 553 546 27 104 397 157 432 668 184 62 181 90 555 773 832 124 660 250 146 42 591 421 417 310 981 149 101 835 351 428 89 76 688 61 685 700 346 414 235 698 172 287 828 42 340 554 919 213 834 980 294 960 77 582 345 993 227 949 468 971 173 742 398 24 
608 753 256 339 597 350 993 225 401 879 621 920 969 982 175 835 572 655 719 603 585 918 429 164 476 852 701 854 252 328 279 810 714 949 743 802 237 338 621 629 17 138 593 352 359 510 362 747 868 904 105 993 218 685 592 575 345 51 381 711 571 187 439 408 340 503 715 125 573 958 287 705 305 67 887 852 976 434 503 253 132 691 765 177 501 655 971 101 195 814 457 28 288 559 656 418 470 43 546 230 
824 794 506 451 571 829 788 325 692 55 321 49 380 705 101 32 495 491 708 743 248 64 435 498 349 405 194 287 519 277 507 789 370 317 927 497 440 486 226 229 166 235 212 880 508 414 302 291 591 260 542 339 181 358 689 539 255 829 273 806 178 175 641 906 70 834 403 851 59 582 526 288 507 781 207 475 976 460 910 163 48 375 883 709 172 103 953 712 38 444 861 132 794 318 870 157 182 836 563 744 
966 473 767 695 8 304 489 638 218 722 128 288 273 283 83 28 109 537 401 988 874 101 777 411 58 450 424 894 158 581 130 341 927 632 918 473 617 235 797 456 275 229 593 869 724 867 994 377 549 279 230 683 220 5 598 633 113 324 711 379 88 513 367 534 651 870 612 444 600 823 155 264 362 666 797 380 140 773 666 838 143 597 427 473 46 436 906 780 665 204 710 332 482 855 744 343 250 292 627 267 
727 132 345 944 597 213 882 861 382 201 774 830 184 607 338 388 275 500 173 19 14 445 976 432 688 194 548 559 183 982 809 746 730 920 283 819 879 567 67 380 560 529 432 820 561 635 206 128 332 842 637 345 125 949 893 376 233 104 337 23 919 826 932 257 329 746 296 614 11 757 314 909 15 893 991 564 172 755 625 465 233 337 472 41 954 109 504 37 963 832 405 696 649 268 874 916 64 195 896 797 
182 979 239 307 6 968 619 476 848 319 374 161 924 471 859 353 703 814 249 217 237 882 994 581 459 201 842 1 500 542 426 785 441 733 215 109 485 312 637 91 23 496 146 581 277 687 12 311 277 647 376 819 103 933 622 208 239 529 741 231 683 505 697 428 47 257 665 589 742 489 992 517 696 512 876 649 392 589 963 362 326 866 821 647 318 275 183 721 801 785 896 62 290 86 824 203 932 820 732 696 
545 688 652 949 860 495 559 630 885 322 62 11 20 692 188 730 215 939 974 724 152 868 126 318 766 47 259 813 270 513 29 632 931 710 352 798 630 388 295 946 652 69 450 220 344 25 931 856 657 1 744 9 466 911 375 79 125 440 740 700 560 945 217 566 445 3 359 570 828 969 264 195 631 88 745 278 101 861 28 544 617 196 862 54 785 838 646 492 616 522 782 42 541 518 951 742 345 545 501 200 
877 469 547 507 299 603 931 782 324 859 233 455 207 44 445 555 457 268 396 851 554 268 164 544 336 623 396 542 97 864 682 793 847 324 714 250 405 221 673 227 824 712 544 560 209 90 680 520 930 876 482 663 736 78 80 412 192 4 412 155 296 121 311 402 768 45 222 787 917 942 409 155 886 276 161 727 938 382 926 652 746 118 379 929 975 307 52 744 279 933 660 975 592 486 856 479 852 123 35 201 
664 993 44 486 278 143 410 975 177 35 865 476 707 563 789 853 728 484 730 353 929 863 497 352 997 874 198 840 26 358 940 416 483 689 436 211 92 995 897 37 140 484 430 20 363 250 981 333 304 697 240 737 750 559 994 527 188 11 863 496 973 470 249 629 142 917 172 323 939 722 945 241 879 695 248 110 862 530 792 734 156 749 697 140 290 232 355 947 756 442 450 787 153 849 25 830 204 459 305 7 
105 365 598 51 295 927 841 256 265 442 928 619 686 578 884 178 797 648 342 275 744 836 965 650 912 720 519 289 262 601 352 181 594 664 820 804 205 841 266 922 821 748 604 580 237 805 287 273 911 749 526 579 442 762 43 741 507 46 284 475 716 753 548 52 905 440 619 746 444 472 393 406 113 550 641 515 811 322 69 768 386 84 335 94 454 440 105 77 348 822 745 611 676 900 305 265 839 561 309 545 
397 413 691 846 732 444 894 41 618 333 300 182 70 772 777 649 69 421 101 983 979 68 732 177 233 893 617 343 436 184 10 308 434 168 468 580 105 593 581 377 397 653 158 439 676 906 464 564 965 167 75 556 691 409 898 920 10 232 833 671 238 238 652 267 267 41 772 354 706 567 560 216 423 827 199 445 546 561 336 69 840 406 70 515 390 287 699 146 757 100 624 205 604 852 179 111 727 372 340 7 
568 708 105 415 555 406 102 583 670 72 906 770 436 811 558 703 536 537 194 575 779 523 427 155 458 403 330 669 749 569 342 56 14 512 88 673 591 436 555 906 166 774 383 568 858 813 896 126 364 827 354 380 938 421 580 120 48 893 987 901 186 115 277 873 839 997 20 13 553 259 367 491 285 424 548 481 191 735 662 627 923 61 632 635 819 198 720 39 114 878 347 578 237 478 486 107 727 334 492 220 
311 236 224 790 495 191 437 62 635 670 588 115 326 795 743 567 797 76 585 746 186 431 916 506 333 141 819 108 659 36 435 475 177 174 118 345 438 277 453 817 363 688 842 697 156 117 81 364 290 45 94 305 556 933 49 719 52 334 176 502 264 752 994 850 48 759 875 223 333 89 759 659 481 82 310 418 908 28 114 444 650 515 378 31 133 814 874 279 159 523 901 774 359 679 250 668 84 401 250 920 
848 349 742 785 488 1000 525 511 412 465 5 43 532 675 45 764 47 947 741 810 648 521 671 505 520 937 925 737 449 762 179 349 924 219 481 903 316 123 991 620 443 838 548 450 150 434 688 904 807 441 548 950 546 261 772 269 361 315 531 593 53 685 405 560 449 543 757 233 847 762 275 10 31 673 81 920 677 383 452 970 565 78 9 916 640 663 928 613 740 422 832 690 132 971 908 277 958 479 984 396 
146 962 484 903 36 635 90 569 365 88 324 87 422 604 461 908 798 891 296 961 583 290 31 903 385 627 869 20 884 896 165 896 623 135 136 138 541 326 505 596 765 636 921 909 158 192 303 875 523 577 135 957 5 29 888 409 124 952 503 508 727 719 87 332 296 819 261 1 657 853 170 273 947 906 508 846 386 829 177 982 95 765 977 453 181 978 32 942 555 957 805 882 331 818 158 846 932 999 998 746 
811 61 478 266 462 50 150 550 478 115 885 326 218 487 68 894 794 551 544 901 855 779 385 912 882 513 266 1 230 691 393 320 148 698 960 692 619 295 482 44 478 951 559 838 857 453 551 387 563 223 938 167 320 176 629 468 880 722 636 829 954 388 272 290 845 257 121 160 308 194 957 57 45 200 603 350 40 432 854 261 462 914 178 467 742 683 982 705 521 874 502 160 638 926 278 51 228 731 749 534 
686 1 493 114 370 693 936 914 372 422 899 408 972 769 717 647 687 886 415 896 35 123 424 628 566 379 470 605 586 539 78 294 464 42 58 632 739 93 285 135 175 508 228 187 898 315 497 154 828 614 745 133 833 813 967 573 108 517 530 355 820 467 351 750 751 934 79 48 872 97 668 604 663 797 792 142 274 492 126 187 64 372 801 851 498 41 592 389 499 822 317 585 433 249 442 221 844 74 446 538 
278 577 34 62 764 236 36 534 102 223 917 924 830 570 465 878 647 323 976 637 732 661 762 632 370 200 528 440 991 830 736 591 758 52 254 259 989 473 873 859 522 983 170 298 914 418 781 364 923 659 85 250 995 788 485 545 548 180 358 658 269 180 536 790 870 452 616 673 693 848 77 193 183 83 760 28 563 348 733 957 721 424 876 360 708 458 335 403 589 559 852 675 697 210 171 806 267 150 45 40 
118 59 163 156 587 324 642 626 363 234 374 989 949 570 500 911 656 310 237 453 149 348 254 957 27 618 125 868 286 680 898 142 573 435 412 71 714 808 93 264 125 999 176 503 347 144 500 621 432 448 362 854 634 240 246 936 216 3 761 605 673 377 81 512 676 223 729 581 732 161 48 537 245 123 254 454 705 859 606 493 338 501 117 792 302 660 346 448 239 410 350 504 265 214 361 649 259 722 839 536 
67 194 350 898 625 364 911 574 298 189 560 908 64 201 590 366 548 328 447 288 300 269 983 939 103 414 143 497 419 970 682 584 394 953 171 342 858 616 609 975 596 19 91 73 985 262 573 309 722 724 119 769 258 974 368 244 113 78 197 879 55 541 329 437 450 385 853 53 957 604 69 345 422 849 2 79 335 906 750 301 377 239 151 820 1 661 957 288 703 414 201 127 831 966 922 866 682 777 156 811